6 0.715625 0.338281 0.065625 0.289062
6 0.686719 0.426563 0.101562 0.284375
6 0.575000 0.561719 0.193750 0.198437
6 0.542969 0.605469 0.179688 0.207813
6 0.417187 0.578906 0.071875 0.254688
6 0.367188 0.553125 0.100000 0.175000
6 0.498437 0.400781 0.062500 0.176563
6 0.482031 0.132812 0.145313 0.128125
6 0.653125 0.169531 0.193750 0.104688
6 0.432812 0.251563 0.056250 0.193750
6 0.325781 0.126562 0.079687 0.156250
6 0.380469 0.160156 0.073438 0.157812
6 0.228906 0.102344 0.098437 0.192188
6 0.128906 0.125000 0.154688 0.115625
6 0.170313 0.246094 0.103125 0.167187
6 0.146094 0.388281 0.064062 0.185938
6 0.136719 0.514844 0.095312 0.114062
6 0.200781 0.567969 0.064062 0.251563
6 0.294531 0.512500 0.057813 0.112500
6 0.285938 0.874219 0.184375 0.245312
6 0.331250 0.764062 0.059375 0.193750
6 0.483594 0.952344 0.104688 0.095312
6 0.660937 0.906250 0.178125 0.187500
6 0.589844 0.782031 0.170313 0.076563
6 0.620313 0.106250 0.150000 0.062500
6 0.135156 0.050781 0.098437 0.089063
6 0.207031 0.863281 0.176563 0.110937
6 0.126562 0.900781 0.165625 0.170313
6 0.044531 0.713281 0.073438 0.145313
6 0.069531 0.930469 0.079687 0.139063
6 0.586719 0.354687 0.051562 0.181250
6 0.033594 0.284375 0.064062 0.209375
6 0.029687 0.607031 0.053125 0.139063
6 0.271875 0.964063 0.146875 0.071875
6 0.499219 0.899219 0.254688 0.167187
6 0.567969 0.557031 0.189062 0.201563
