6 0.938281 0.429688 0.123438 0.406250
6 0.866406 0.473438 0.117188 0.375000
6 0.771875 0.456250 0.071875 0.384375
6 0.707031 0.430469 0.110937 0.448437
6 0.630469 0.374219 0.048438 0.310937
6 0.580469 0.396875 0.064062 0.340625
6 0.540625 0.414062 0.053125 0.356250
6 0.510156 0.323437 0.048438 0.231250
6 0.469531 0.399219 0.039062 0.351562
6 0.404687 0.400000 0.059375 0.325000
6 0.443750 0.332031 0.046875 0.170313
6 0.299219 0.399219 0.060937 0.342187
6 0.247656 0.410156 0.051562 0.292187
6 0.165625 0.421875 0.056250 0.296875
6 0.114062 0.400781 0.043750 0.239063
6 0.039062 0.394531 0.075000 0.226562
6 0.077344 0.419531 0.039062 0.260937
6 0.026562 0.464062 0.037500 0.171875
