6 0.126562 0.825781 0.050000 0.176563
6 0.272656 0.853906 0.110937 0.067187
6 0.301563 0.788281 0.225000 0.057813
6 0.339844 0.675781 0.176563 0.139063
6 0.546094 0.848437 0.145313 0.128125
6 0.563281 0.746094 0.145313 0.114062
6 0.595313 0.782813 0.109375 0.134375
6 0.374219 0.918750 0.089063 0.162500
6 0.220312 0.492969 0.053125 0.142187
6 0.326562 0.541406 0.118750 0.035937
6 0.634375 0.508594 0.043750 0.042188
6 0.468750 0.564844 0.065625 0.042188
6 0.494531 0.444531 0.054688 0.035937
6 0.449219 0.464844 0.076563 0.029687
6 0.637500 0.322656 0.059375 0.076563
6 0.167187 0.357031 0.046875 0.092188
6 0.701562 0.846875 0.078125 0.168750
6 0.065625 0.734375 0.128125 0.103125
6 0.132812 0.664844 0.140625 0.029687
6 0.303125 0.213281 0.068750 0.073438
6 0.309375 0.246875 0.084375 0.062500
6 0.377344 0.249219 0.039062 0.073438
6 0.508594 0.267188 0.085938 0.065625
6 0.562500 0.314844 0.087500 0.104688
6 0.496094 0.342969 0.135937 0.079687
6 0.260156 0.347656 0.035937 0.048438
6 0.350781 0.392188 0.110937 0.040625
6 0.371094 0.474219 0.035937 0.107813
6 0.546094 0.639844 0.114062 0.095312
6 0.697656 0.623437 0.104688 0.043750
6 0.461719 0.647656 0.173437 0.051562
6 0.657813 0.416406 0.068750 0.064062
6 0.449219 0.943750 0.060937 0.112500
6 0.497656 0.045312 0.029687 0.053125
6 0.442188 0.051562 0.028125 0.081250
