6 0.207813 0.403125 0.153125 0.168750
6 0.261719 0.429688 0.051562 0.150000
6 0.294531 0.485156 0.060937 0.214062
6 0.353906 0.432031 0.067187 0.179688
6 0.382812 0.480469 0.053125 0.114062
6 0.457031 0.541406 0.089063 0.170313
6 0.492969 0.446094 0.092188 0.135937
6 0.475000 0.476562 0.118750 0.203125
6 0.514062 0.426563 0.093750 0.171875
6 0.527344 0.320312 0.092188 0.087500
6 0.620313 0.444531 0.068750 0.248438
6 0.661719 0.503125 0.051562 0.212500
6 0.732031 0.500000 0.079687 0.250000
6 0.778125 0.514844 0.081250 0.239063
6 0.799219 0.368750 0.117188 0.153125
