6 0.864062 0.196875 0.271875 0.112500
6 0.941406 0.367969 0.117188 0.407813
6 0.852344 0.296094 0.295312 0.217188
6 0.852344 0.413281 0.251563 0.276562
6 0.703125 0.435937 0.171875 0.462500
6 0.915625 0.514062 0.096875 0.306250
6 0.567969 0.435937 0.110937 0.462500
6 0.476562 0.423438 0.084375 0.403125
6 0.400000 0.300000 0.150000 0.409375
6 0.321875 0.382031 0.128125 0.570312
6 0.264844 0.475000 0.095312 0.378125
6 0.195312 0.343750 0.115625 0.478125
6 0.069531 0.314063 0.132812 0.387500
6 0.109375 0.442188 0.084375 0.284375
6 0.066406 0.454688 0.129688 0.309375
