6 0.646875 0.352344 0.134375 0.467187
6 0.701562 0.461719 0.171875 0.432812
6 0.813281 0.256250 0.179688 0.500000
6 0.919531 0.488281 0.110937 0.376563
6 0.454688 0.425781 0.137500 0.335938
6 0.492969 0.487500 0.189062 0.378125
6 0.338281 0.347656 0.126562 0.485938
6 0.204687 0.417187 0.140625 0.412500
6 0.253125 0.135156 0.106250 0.264062
6 0.089844 0.158594 0.173437 0.314063
6 0.074219 0.292969 0.145313 0.382812
6 0.103906 0.555469 0.101562 0.239063
6 0.035156 0.517969 0.067187 0.317188
6 0.524219 0.149219 0.245312 0.295312
6 0.421094 0.153906 0.273438 0.304688
6 0.935937 0.099219 0.090625 0.192188
6 0.968750 0.244531 0.062500 0.351562
6 0.778906 0.137500 0.148438 0.271875
