6 0.171875 0.513281 0.112500 0.276562
6 0.249219 0.535156 0.070312 0.270313
6 0.271875 0.407031 0.109375 0.185938
6 0.372656 0.454688 0.157812 0.237500
6 0.428125 0.440625 0.203125 0.243750
6 0.451562 0.279687 0.100000 0.234375
6 0.596094 0.303906 0.104688 0.217188
6 0.606250 0.192969 0.103125 0.160938
6 0.532813 0.193750 0.071875 0.121875
6 0.728125 0.274219 0.093750 0.189062
6 0.711719 0.292969 0.160938 0.220312
6 0.828125 0.346875 0.153125 0.200000
6 0.892188 0.253125 0.178125 0.106250
6 0.295312 0.614844 0.168750 0.110937
6 0.529687 0.514062 0.100000 0.215625
6 0.639062 0.563281 0.078125 0.085938
