6 0.254688 0.282031 0.168750 0.414062
6 0.138281 0.435937 0.273438 0.253125
6 0.214062 0.517969 0.418750 0.085938
6 0.048438 0.214062 0.093750 0.218750
6 0.140625 0.214062 0.090625 0.156250
6 0.337500 0.169531 0.187500 0.126562
6 0.453906 0.377344 0.307812 0.160938
6 0.536719 0.471875 0.289062 0.115625
6 0.722656 0.539062 0.323437 0.040625
6 0.931250 0.232031 0.137500 0.454688
6 0.547656 0.050781 0.185938 0.076563
6 0.365625 0.079687 0.234375 0.081250
6 0.469531 0.153125 0.104688 0.137500
6 0.506250 0.296875 0.090625 0.121875
6 0.540625 0.204687 0.103125 0.096875
6 0.796094 0.087500 0.104688 0.168750
6 0.128906 0.150000 0.145313 0.275000
