6 0.197656 0.519531 0.085938 0.448437
6 0.285938 0.421875 0.150000 0.243750
6 0.135156 0.457813 0.054688 0.243750
6 0.094531 0.434375 0.104688 0.315625
6 0.063281 0.372656 0.120313 0.198437
6 0.278906 0.342187 0.085938 0.140625
6 0.395313 0.361719 0.065625 0.345313
6 0.460938 0.301563 0.062500 0.287500
6 0.474219 0.460156 0.270313 0.207813
6 0.684375 0.560937 0.090625 0.315625
6 0.522656 0.559375 0.167187 0.271875
6 0.806250 0.546094 0.193750 0.207813
6 0.856250 0.489844 0.206250 0.204687
6 0.864062 0.278906 0.078125 0.301563
6 0.944531 0.316406 0.101562 0.417187
6 0.562500 0.223438 0.106250 0.134375
6 0.516406 0.263281 0.067187 0.145313
