6 0.771094 0.682813 0.151562 0.318750
6 0.884375 0.560937 0.128125 0.268750
6 0.871875 0.735938 0.200000 0.215625
6 0.785937 0.493750 0.168750 0.262500
6 0.496094 0.549219 0.192188 0.145313
6 0.570312 0.675781 0.071875 0.192188
6 0.609375 0.567187 0.131250 0.290625
6 0.461719 0.417187 0.067187 0.193750
6 0.516406 0.376563 0.079687 0.228125
6 0.592969 0.260937 0.154688 0.181250
6 0.653906 0.367188 0.164062 0.078125
6 0.792969 0.181250 0.114062 0.225000
6 0.713281 0.201563 0.189062 0.300000
6 0.903906 0.117969 0.154688 0.232813
6 0.872656 0.185938 0.089063 0.234375
6 0.968750 0.307031 0.062500 0.157812
6 0.158594 0.429688 0.085938 0.271875
6 0.239844 0.555469 0.064062 0.232813
6 0.281250 0.626563 0.065625 0.237500
6 0.372656 0.725000 0.057813 0.187500
6 0.334375 0.671875 0.075000 0.146875
6 0.467969 0.715625 0.089063 0.118750
6 0.650781 0.819531 0.164062 0.114062
6 0.598437 0.836719 0.062500 0.079687
6 0.475781 0.828906 0.104688 0.089063
6 0.164062 0.751563 0.059375 0.246875
6 0.085938 0.530469 0.084375 0.207813
6 0.349219 0.217969 0.157812 0.320312
6 0.356250 0.477344 0.118750 0.204687
6 0.122656 0.090625 0.064062 0.178125
6 0.061719 0.082031 0.082812 0.160938
6 0.094531 0.363281 0.051562 0.148438
6 0.051562 0.711719 0.100000 0.114062
6 0.059375 0.813281 0.115625 0.039062
6 0.217969 0.151562 0.179688 0.181250
6 0.489063 0.131250 0.143750 0.090625
6 0.533594 0.063281 0.142187 0.120313
6 0.293750 0.030469 0.156250 0.057813
6 0.249219 0.828906 0.107813 0.092188
6 0.940625 0.775781 0.118750 0.198437
6 0.687500 0.431250 0.162500 0.100000
