10 0.732031 0.901563 0.154688 0.175000
10 0.841406 0.790625 0.182812 0.143750
10 0.900000 0.668750 0.140625 0.128125
10 0.750781 0.633594 0.157812 0.123438
10 0.703125 0.750781 0.131250 0.160938
10 0.541406 0.837500 0.135937 0.168750
10 0.394531 0.844531 0.139063 0.157812
10 0.241406 0.735938 0.123438 0.175000
10 0.142187 0.621094 0.146875 0.151562
10 0.258594 0.573438 0.120313 0.143750
10 0.130469 0.475000 0.135937 0.165625
10 0.372656 0.729688 0.151562 0.146875
10 0.591406 0.689844 0.135937 0.129688
10 0.550000 0.582812 0.118750 0.131250
10 0.475000 0.668750 0.109375 0.156250
10 0.857031 0.542188 0.139063 0.146875
10 0.882812 0.422656 0.153125 0.123438
10 0.736719 0.450000 0.160938 0.128125
10 0.790625 0.342187 0.162500 0.121875
10 0.784375 0.228125 0.150000 0.125000
10 0.601562 0.470313 0.153125 0.115625
10 0.450000 0.523438 0.112500 0.143750
10 0.360156 0.610156 0.120313 0.145313
10 0.349219 0.464062 0.114062 0.156250
10 0.376563 0.360156 0.112500 0.120313
10 0.146875 0.341406 0.150000 0.114062
10 0.214844 0.218750 0.135937 0.143750
10 0.333594 0.189062 0.132812 0.143750
10 0.447656 0.197656 0.104688 0.164062
10 0.547656 0.194531 0.110937 0.167187
10 0.640625 0.234375 0.131250 0.153125
10 0.551562 0.366406 0.115625 0.142187
