10 0.088281 0.238281 0.104688 0.085938
10 0.888281 0.032031 0.107813 0.060937
10 0.942187 0.256250 0.096875 0.081250
10 0.801562 0.181250 0.100000 0.090625
10 0.474219 0.128125 0.107813 0.093750
10 0.557813 0.173437 0.090625 0.093750
10 0.396094 0.177344 0.107813 0.095312
10 0.345313 0.276562 0.093750 0.087500
10 0.439844 0.303906 0.114062 0.092188
10 0.507031 0.243750 0.114062 0.087500
10 0.627344 0.273438 0.092188 0.106250
10 0.537500 0.328125 0.096875 0.103125
10 0.421875 0.410156 0.096875 0.095312
10 0.546875 0.411719 0.103125 0.089063
10 0.628125 0.360156 0.100000 0.104688
