10 0.450781 0.609375 0.129688 0.118750
10 0.471094 0.874219 0.123438 0.132812
10 0.492188 0.771875 0.121875 0.112500
10 0.626563 0.835938 0.143750 0.103125
10 0.650000 0.744531 0.118750 0.123438
10 0.578125 0.669531 0.131250 0.104688
10 0.662500 0.574219 0.109375 0.129688
10 0.764062 0.509375 0.118750 0.131250
10 0.819531 0.576562 0.148438 0.112500
10 0.793750 0.374219 0.109375 0.117188
10 0.575000 0.233594 0.118750 0.120313
10 0.555469 0.360938 0.142187 0.109375
10 0.528906 0.467187 0.132812 0.109375
10 0.409375 0.482031 0.125000 0.110937
10 0.416406 0.379688 0.132812 0.109375
10 0.427344 0.285156 0.110937 0.120313
10 0.283594 0.232813 0.129688 0.131250
10 0.325000 0.325000 0.115625 0.118750
10 0.211719 0.415625 0.123438 0.118750
10 0.284375 0.617969 0.137500 0.110937
10 0.338281 0.721094 0.132812 0.132812
10 0.221875 0.724219 0.125000 0.126562
10 0.171094 0.525781 0.104688 0.120313
