10 0.536719 0.178125 0.076563 0.056250
10 0.595313 0.156250 0.065625 0.056250
10 0.494531 0.147656 0.073438 0.054688
10 0.650781 0.174219 0.057813 0.060937
10 0.600000 0.234375 0.081250 0.062500
10 0.535156 0.231250 0.073438 0.062500
10 0.469531 0.218750 0.064062 0.075000
10 0.236719 0.212500 0.076563 0.059375
10 0.265625 0.256250 0.068750 0.075000
10 0.215625 0.371094 0.071875 0.060937
10 0.329688 0.376563 0.065625 0.065625
10 0.390625 0.399219 0.078125 0.064062
10 0.453906 0.384375 0.073438 0.071875
10 0.381250 0.253125 0.075000 0.062500
10 0.364063 0.316406 0.090625 0.067187
10 0.489844 0.326562 0.079687 0.062500
10 0.489063 0.273438 0.062500 0.062500
10 0.629687 0.291406 0.081250 0.082812
10 0.587500 0.339062 0.062500 0.084375
10 0.635156 0.391406 0.085938 0.067187
10 0.702344 0.300781 0.067187 0.060937
