10 0.658594 0.305469 0.151562 0.132812
10 0.759375 0.471875 0.112500 0.159375
10 0.655469 0.428906 0.126562 0.129688
10 0.539062 0.491406 0.128125 0.160938
10 0.536719 0.365625 0.157812 0.109375
10 0.496875 0.257031 0.168750 0.123438
10 0.381250 0.302344 0.134375 0.123438
10 0.298438 0.396094 0.121875 0.148438
10 0.413281 0.417187 0.142187 0.131250
10 0.399219 0.557813 0.132812 0.159375
10 0.530469 0.632812 0.151562 0.118750
10 0.280469 0.538281 0.120313 0.151562
10 0.646094 0.550000 0.142187 0.121875
10 0.710938 0.633594 0.150000 0.120313
