10 0.206250 0.052344 0.156250 0.101562
10 0.362500 0.218750 0.153125 0.134375
10 0.451562 0.139063 0.137500 0.162500
10 0.579688 0.135937 0.131250 0.165625
10 0.685156 0.203125 0.154688 0.146875
10 0.718750 0.335156 0.187500 0.139063
10 0.684375 0.454688 0.150000 0.128125
10 0.571875 0.515625 0.146875 0.153125
10 0.444531 0.535156 0.135937 0.170313
10 0.344531 0.445312 0.160938 0.134375
10 0.304688 0.325000 0.165625 0.131250
10 0.818750 0.605469 0.137500 0.126562
10 0.910156 0.490625 0.139063 0.143750
