10 0.107031 0.208594 0.104688 0.117188
10 0.193750 0.226562 0.100000 0.112500
10 0.283594 0.221094 0.092188 0.117188
10 0.374219 0.210156 0.089063 0.120313
10 0.461719 0.184375 0.101562 0.128125
10 0.555469 0.189062 0.095312 0.112500
10 0.642969 0.182031 0.085938 0.120313
10 0.734375 0.178125 0.090625 0.115625
10 0.819531 0.180469 0.085938 0.114062
10 0.910937 0.181250 0.090625 0.115625
10 0.849219 0.317969 0.104688 0.117188
10 0.746094 0.309375 0.095312 0.118750
10 0.648438 0.307031 0.100000 0.123438
10 0.543750 0.310937 0.096875 0.125000
10 0.449219 0.317188 0.107813 0.128125
