10 0.280469 0.661719 0.107813 0.139063
10 0.179688 0.614844 0.109375 0.126562
10 0.075000 0.589844 0.112500 0.123438
10 0.200781 0.504687 0.117188 0.100000
10 0.270313 0.539844 0.093750 0.101562
10 0.354687 0.584375 0.096875 0.112500
10 0.329688 0.466406 0.109375 0.082812
10 0.395313 0.506250 0.093750 0.084375
10 0.468750 0.534375 0.087500 0.090625
10 0.210156 0.437500 0.098437 0.056250
10 0.766406 0.297656 0.067187 0.060937
10 0.670312 0.310156 0.062500 0.070312
10 0.611719 0.332031 0.073438 0.064062
10 0.876563 0.346875 0.087500 0.068750
10 0.871094 0.289062 0.064062 0.056250
