10 0.498437 0.578906 0.131250 0.173437
10 0.704688 0.467187 0.140625 0.162500
10 0.760156 0.316406 0.151562 0.182812
10 0.577344 0.450781 0.135937 0.142187
10 0.366406 0.545312 0.132812 0.140625
10 0.444531 0.439844 0.139063 0.142187
10 0.290625 0.391406 0.181250 0.139063
10 0.519531 0.258594 0.167187 0.139063
10 0.643750 0.126562 0.134375 0.134375
10 0.647656 0.253906 0.120313 0.151562
10 0.290625 0.245312 0.153125 0.137500
10 0.328125 0.142969 0.156250 0.132812
10 0.525781 0.085156 0.120313 0.135937
