10 0.578906 0.082812 0.135937 0.121875
10 0.636719 0.250000 0.151562 0.115625
10 0.678906 0.346875 0.120313 0.143750
10 0.613281 0.454688 0.135937 0.121875
10 0.483594 0.510156 0.139063 0.104688
10 0.500781 0.400000 0.126562 0.121875
10 0.484375 0.272656 0.118750 0.145313
10 0.482031 0.146094 0.123438 0.126562
10 0.371875 0.154688 0.115625 0.143750
10 0.255469 0.178906 0.117188 0.132812
10 0.253906 0.285156 0.139063 0.110937
10 0.366406 0.317969 0.142187 0.129688
10 0.385156 0.441406 0.142187 0.132812
10 0.239063 0.404687 0.131250 0.128125
