10 0.509375 0.170313 0.171875 0.178125
10 0.669531 0.158594 0.164062 0.198437
10 0.782813 0.242969 0.159375 0.160938
10 0.816406 0.386719 0.189062 0.185938
10 0.367188 0.260937 0.228125 0.156250
10 0.238281 0.221094 0.154688 0.170313
10 0.235156 0.428906 0.170313 0.226562
10 0.406250 0.421875 0.184375 0.193750
10 0.571094 0.344531 0.160938 0.229687
10 0.685156 0.496875 0.201563 0.168750
10 0.508594 0.562500 0.207813 0.165625
10 0.317188 0.588281 0.178125 0.170313
10 0.141406 0.624219 0.182812 0.185938
10 0.371875 0.748437 0.190625 0.209375
10 0.548438 0.711719 0.203125 0.154688
10 0.785937 0.683594 0.187500 0.220312
10 0.937500 0.704688 0.118750 0.181250
10 0.640625 0.796094 0.200000 0.123438
