5 0.805469 0.167187 0.229687 0.196875
5 0.779687 0.339062 0.228125 0.143750
5 0.758594 0.434375 0.245312 0.212500
5 0.925000 0.367188 0.078125 0.093750
5 0.935937 0.452344 0.103125 0.079687
5 0.571094 0.424219 0.204687 0.189062
5 0.570312 0.246094 0.212500 0.192188
5 0.173437 0.034375 0.153125 0.065625
5 0.103125 0.102344 0.146875 0.132812
5 0.352344 0.407813 0.123438 0.118750
5 0.414062 0.491406 0.121875 0.104688
5 0.214062 0.381250 0.078125 0.106250
5 0.284375 0.492188 0.115625 0.100000
5 0.057031 0.322656 0.098437 0.101562
5 0.037500 0.416406 0.068750 0.089063
