5 0.682813 0.078906 0.178125 0.154688
5 0.801562 0.063281 0.096875 0.123438
5 0.908594 0.048438 0.135937 0.090625
5 0.510938 0.100000 0.165625 0.165625
5 0.678906 0.232813 0.151562 0.134375
5 0.894531 0.164844 0.151562 0.154688
5 0.783594 0.310937 0.157812 0.153125
5 0.804688 0.464062 0.137500 0.143750
5 0.664844 0.413281 0.164062 0.164062
5 0.496875 0.303906 0.165625 0.170313
5 0.487500 0.499219 0.171875 0.182812
5 0.660937 0.596875 0.156250 0.156250
5 0.478906 0.667969 0.167187 0.173437
5 0.646875 0.767188 0.153125 0.159375
5 0.773438 0.764844 0.140625 0.160938
5 0.798438 0.844531 0.125000 0.082812
5 0.498437 0.823438 0.156250 0.143750
5 0.642969 0.935937 0.145313 0.128125
5 0.811719 0.937500 0.135937 0.121875
5 0.446875 0.960156 0.143750 0.079687
