5 0.872656 0.558594 0.051562 0.051562
5 0.919531 0.571094 0.045312 0.035937
5 0.828906 0.547656 0.042188 0.045312
5 0.930469 0.615625 0.057813 0.059375
5 0.777344 0.553125 0.029687 0.037500
5 0.775781 0.516406 0.045312 0.035937
5 0.787500 0.489063 0.043750 0.034375
5 0.112500 0.511719 0.090625 0.089063
5 0.257031 0.586719 0.054688 0.060937
5 0.140625 0.570312 0.078125 0.078125
5 0.251563 0.428125 0.065625 0.062500
5 0.265625 0.471094 0.075000 0.054688
5 0.202344 0.567969 0.051562 0.054688
5 0.335938 0.421094 0.034375 0.035937
5 0.364063 0.400000 0.021875 0.031250
5 0.203125 0.320312 0.059375 0.062500
5 0.047656 0.214844 0.092188 0.092188
5 0.046094 0.310937 0.073438 0.075000
5 0.100781 0.332813 0.042188 0.059375
5 0.204687 0.620313 0.056250 0.040625
5 0.248438 0.357812 0.053125 0.059375
5 0.674219 0.435156 0.029687 0.032813
5 0.800000 0.404687 0.018750 0.021875
5 0.825781 0.399219 0.023438 0.023438
5 0.952344 0.291406 0.051562 0.042188
5 0.267969 0.318750 0.039062 0.034375
5 0.235156 0.285156 0.054688 0.051562
