5 0.812500 0.178906 0.200000 0.160938
5 0.882812 0.271875 0.215625 0.137500
5 0.932031 0.392969 0.135937 0.220312
5 0.817969 0.515625 0.248438 0.228125
5 0.704688 0.414844 0.225000 0.195312
5 0.478906 0.361719 0.248438 0.201563
5 0.510156 0.543750 0.198437 0.165625
5 0.301563 0.466406 0.209375 0.204687
5 0.082031 0.418750 0.160938 0.200000
5 0.110156 0.576562 0.214062 0.168750
5 0.197656 0.206250 0.192188 0.165625
5 0.280469 0.292969 0.217188 0.189062
5 0.644531 0.267188 0.195312 0.131250
5 0.561719 0.212500 0.170313 0.109375
