5 0.496875 0.382812 0.131250 0.118750
5 0.596875 0.471094 0.118750 0.145313
5 0.687500 0.457031 0.093750 0.126562
5 0.714063 0.551562 0.109375 0.125000
5 0.817969 0.538281 0.129688 0.132812
5 0.847656 0.485938 0.117188 0.100000
5 0.928125 0.403125 0.118750 0.125000
5 0.822656 0.350000 0.120313 0.121875
5 0.720313 0.315625 0.087500 0.103125
5 0.595313 0.269531 0.118750 0.110937
5 0.396875 0.429688 0.100000 0.131250
5 0.482812 0.504687 0.125000 0.131250
5 0.506250 0.621875 0.109375 0.109375
5 0.944531 0.274219 0.110937 0.107813
5 0.807813 0.229687 0.084375 0.093750
5 0.693750 0.212500 0.100000 0.096875
5 0.610156 0.139844 0.107813 0.098437
5 0.514062 0.125781 0.087500 0.095312
5 0.437500 0.198437 0.121875 0.106250
5 0.264062 0.253906 0.115625 0.117188
5 0.265625 0.369531 0.106250 0.107813
5 0.285156 0.485156 0.139063 0.117188
5 0.366406 0.601562 0.139063 0.143750
5 0.239063 0.602344 0.125000 0.129688
5 0.164844 0.566406 0.104688 0.123438
5 0.177344 0.311719 0.089063 0.114062
5 0.098437 0.357812 0.100000 0.121875
5 0.099219 0.525781 0.123438 0.126562
5 0.192188 0.473438 0.059375 0.078125
5 0.175000 0.421875 0.081250 0.093750
5 0.030469 0.400781 0.057813 0.123438
