5 0.440625 0.428125 0.168750 0.121875
5 0.543750 0.384375 0.106250 0.106250
5 0.635938 0.439844 0.121875 0.135937
5 0.804688 0.414062 0.150000 0.125000
5 0.860938 0.333594 0.128125 0.126562
5 0.928906 0.396094 0.082812 0.129688
5 0.723437 0.360156 0.090625 0.104688
5 0.624219 0.339844 0.107813 0.092188
5 0.681250 0.268750 0.118750 0.068750
5 0.762500 0.257812 0.112500 0.078125
5 0.578125 0.241406 0.090625 0.104688
5 0.548438 0.293750 0.103125 0.084375
5 0.683594 0.182031 0.101562 0.064062
5 0.435156 0.182812 0.120313 0.081250
5 0.439063 0.319531 0.125000 0.110937
5 0.435937 0.259375 0.153125 0.081250
5 0.498437 0.535156 0.109375 0.114062
5 0.591406 0.535156 0.101562 0.101562
5 0.697656 0.510938 0.123438 0.137500
5 0.812500 0.519531 0.131250 0.101562
5 0.332031 0.467187 0.092188 0.128125
5 0.398438 0.521094 0.096875 0.098437
5 0.235156 0.467969 0.123438 0.114062
5 0.257031 0.354687 0.104688 0.131250
5 0.342187 0.346875 0.078125 0.103125
5 0.271875 0.267969 0.118750 0.070312
5 0.335938 0.207031 0.096875 0.098437
5 0.172656 0.253125 0.104688 0.106250
5 0.146875 0.371094 0.137500 0.117188
5 0.242188 0.208594 0.096875 0.070312
