5 0.624219 0.259375 0.123438 0.125000
5 0.650781 0.430469 0.126562 0.120313
5 0.816406 0.325000 0.120313 0.125000
5 0.825000 0.485156 0.128125 0.129688
5 0.857812 0.610938 0.125000 0.128125
5 0.844531 0.732812 0.117188 0.118750
5 0.848437 0.859375 0.103125 0.109375
5 0.672656 0.689844 0.123438 0.142187
5 0.661719 0.572656 0.135937 0.117188
5 0.314844 0.272656 0.132812 0.135937
5 0.193750 0.188281 0.143750 0.132812
5 0.118750 0.264062 0.134375 0.137500
5 0.169531 0.360938 0.142187 0.134375
5 0.262500 0.716406 0.140625 0.139063
5 0.345313 0.700781 0.096875 0.126562
5 0.353906 0.857812 0.170313 0.165625
5 0.173437 0.840625 0.140625 0.125000
