5 0.531250 0.301563 0.215625 0.250000
5 0.753125 0.339062 0.228125 0.218750
5 0.873437 0.525781 0.246875 0.239063
5 0.636719 0.549219 0.223438 0.242188
5 0.890625 0.750781 0.218750 0.204687
5 0.750781 0.700781 0.126562 0.167187
5 0.725000 0.812500 0.178125 0.081250
5 0.600781 0.751563 0.167187 0.162500
5 0.489844 0.696875 0.182812 0.200000
5 0.237500 0.604688 0.156250 0.175000
5 0.210938 0.750781 0.209375 0.198437
5 0.327344 0.796094 0.282813 0.114062
5 0.653906 0.136719 0.198437 0.214062
5 0.850000 0.152344 0.284375 0.282813
5 0.439063 0.133594 0.225000 0.239063
5 0.271094 0.249219 0.276562 0.276562
5 0.232031 0.063281 0.242188 0.120313
5 0.081250 0.248438 0.159375 0.231250
5 0.096875 0.486719 0.187500 0.192188
5 0.080469 0.650781 0.157812 0.160938
5 0.046094 0.775000 0.089063 0.090625
