5 0.842187 0.467187 0.146875 0.153125
5 0.938281 0.498437 0.123438 0.143750
5 0.830469 0.333594 0.123438 0.120313
5 0.938281 0.366406 0.107813 0.107813
5 0.914844 0.238281 0.157812 0.123438
5 0.732812 0.267969 0.118750 0.114062
5 0.752344 0.124219 0.207813 0.192188
5 0.622656 0.348438 0.195312 0.168750
5 0.746094 0.404687 0.085938 0.140625
5 0.585156 0.105469 0.117188 0.126562
5 0.513281 0.193750 0.126562 0.121875
5 0.621875 0.215625 0.093750 0.093750
5 0.471094 0.319531 0.126562 0.157812
5 0.332813 0.299219 0.118750 0.104688
5 0.391406 0.224219 0.107813 0.117188
5 0.321094 0.115625 0.129688 0.159375
5 0.226562 0.187500 0.118750 0.093750
5 0.223438 0.250781 0.146875 0.085938
5 0.202344 0.366406 0.148438 0.145313
5 0.193750 0.509375 0.137500 0.140625
5 0.333594 0.564844 0.148438 0.167187
5 0.466406 0.471875 0.117188 0.128125
5 0.470313 0.634375 0.171875 0.162500
5 0.569531 0.521094 0.089063 0.135937
5 0.685156 0.536719 0.151562 0.142187
5 0.614844 0.642188 0.107813 0.100000
5 0.725000 0.646094 0.109375 0.101562
5 0.839063 0.625781 0.131250 0.142187
5 0.934375 0.631250 0.090625 0.103125
5 0.074219 0.455469 0.145313 0.176563
5 0.081250 0.609375 0.159375 0.162500
5 0.207813 0.637500 0.162500 0.146875
5 0.095312 0.188281 0.128125 0.117188
5 0.182812 0.095312 0.137500 0.134375
5 0.067187 0.300000 0.131250 0.165625
5 0.923438 0.101562 0.143750 0.140625
