5 0.622656 0.403125 0.207813 0.209375
5 0.782031 0.482812 0.201563 0.153125
5 0.918750 0.420312 0.162500 0.168750
5 0.801562 0.316406 0.187500 0.160938
5 0.560937 0.238281 0.209375 0.201563
5 0.701562 0.173437 0.171875 0.184375
5 0.885938 0.142969 0.156250 0.135937
5 0.850781 0.220312 0.129688 0.112500
5 0.746094 0.107031 0.135937 0.107813
5 0.514062 0.072656 0.159375 0.120313
5 0.367969 0.139844 0.176563 0.142187
5 0.289844 0.267969 0.189062 0.164062
5 0.432812 0.376563 0.181250 0.190625
5 0.540625 0.507812 0.215625 0.103125
5 0.370312 0.514062 0.178125 0.096875
5 0.270313 0.417969 0.168750 0.179688
5 0.149219 0.504687 0.210938 0.112500
5 0.142187 0.402344 0.131250 0.120313
5 0.081250 0.261719 0.159375 0.160938
5 0.194531 0.150781 0.167187 0.157812
5 0.242188 0.067969 0.137500 0.104688
5 0.058594 0.106250 0.114062 0.165625
5 0.039062 0.393750 0.075000 0.128125
5 0.903125 0.040625 0.137500 0.075000
