5 0.499219 0.380469 0.126562 0.129688
5 0.615625 0.454688 0.118750 0.112500
5 0.506250 0.491406 0.100000 0.095312
5 0.540625 0.201563 0.128125 0.128125
5 0.619531 0.268750 0.110937 0.115625
5 0.721094 0.283594 0.095312 0.085938
5 0.665625 0.365625 0.109375 0.103125
5 0.794531 0.371875 0.123438 0.106250
5 0.730469 0.447656 0.104688 0.095312
5 0.614062 0.457031 0.118750 0.107813
5 0.688281 0.562500 0.095312 0.112500
5 0.777344 0.538281 0.089063 0.089063
5 0.869531 0.525000 0.092188 0.112500
5 0.896094 0.436719 0.098437 0.104688
5 0.710938 0.153125 0.131250 0.128125
5 0.607812 0.096094 0.112500 0.114062
5 0.496875 0.087500 0.112500 0.118750
5 0.828906 0.141406 0.101562 0.120313
5 0.876563 0.254688 0.103125 0.087500
5 0.892188 0.342187 0.084375 0.084375
5 0.959375 0.265625 0.078125 0.087500
5 0.304688 0.249219 0.121875 0.120313
5 0.410156 0.227344 0.101562 0.085938
5 0.417969 0.316406 0.101562 0.101562
5 0.357812 0.386719 0.109375 0.107813
5 0.383594 0.492188 0.107813 0.115625
5 0.414844 0.619531 0.117188 0.120313
5 0.508594 0.573438 0.092188 0.093750
5 0.554688 0.660156 0.103125 0.098437
5 0.680469 0.669531 0.123438 0.101562
5 0.778125 0.624219 0.090625 0.082812
5 0.832031 0.700000 0.114062 0.096875
5 0.248438 0.342187 0.118750 0.125000
5 0.276562 0.452344 0.093750 0.092188
5 0.183594 0.525781 0.126562 0.110937
5 0.300781 0.638281 0.110937 0.123438
5 0.065625 0.606250 0.118750 0.118750
5 0.197656 0.230469 0.120313 0.114062
5 0.161719 0.342969 0.079687 0.095312
5 0.135937 0.397656 0.093750 0.101562
5 0.077344 0.423438 0.057813 0.075000
5 0.064844 0.607031 0.107813 0.114062
5 0.123438 0.696875 0.078125 0.090625
5 0.176563 0.085938 0.112500 0.112500
5 0.332031 0.139063 0.110937 0.109375
5 0.278125 0.111719 0.084375 0.107813
5 0.092188 0.117188 0.084375 0.109375
5 0.096875 0.311719 0.068750 0.095312
5 0.959375 0.110156 0.075000 0.107813
5 0.961719 0.696094 0.076563 0.107813
5 0.906250 0.588281 0.112500 0.104688
5 0.967187 0.356250 0.062500 0.093750
5 0.762500 0.049219 0.109375 0.085938
5 0.083594 0.032813 0.092188 0.062500
5 0.032031 0.185938 0.060937 0.118750
5 0.033594 0.316406 0.064062 0.092188
5 0.596875 0.559375 0.084375 0.093750
