5 0.462500 0.786719 0.150000 0.160938
5 0.539844 0.913281 0.135937 0.142187
5 0.743750 0.820312 0.159375 0.134375
5 0.685937 0.720313 0.146875 0.146875
5 0.634375 0.606250 0.159375 0.156250
5 0.625781 0.498437 0.142187 0.109375
5 0.340625 0.571875 0.159375 0.159375
5 0.311719 0.857812 0.148438 0.140625
5 0.232813 0.764062 0.143750 0.134375
5 0.110937 0.736719 0.125000 0.135937
5 0.129688 0.865625 0.131250 0.150000
5 0.032813 0.820312 0.062500 0.143750
5 0.925781 0.701562 0.117188 0.131250
5 0.885156 0.521094 0.126562 0.135937
5 0.946094 0.371094 0.085938 0.123438
5 0.736719 0.454688 0.139063 0.153125
5 0.806250 0.345313 0.128125 0.121875
5 0.795312 0.264062 0.128125 0.081250
5 0.585938 0.389844 0.153125 0.157812
5 0.465625 0.431250 0.131250 0.134375
5 0.479687 0.547656 0.121875 0.101562
5 0.372656 0.396094 0.117188 0.120313
5 0.348438 0.480469 0.125000 0.060937
5 0.230469 0.427344 0.120313 0.126562
5 0.051562 0.517969 0.100000 0.129688
5 0.061719 0.378125 0.082812 0.121875
5 0.050000 0.292969 0.090625 0.126562
5 0.132031 0.085938 0.114062 0.128125
5 0.188281 0.299219 0.120313 0.129688
5 0.308594 0.287500 0.145313 0.143750
5 0.432812 0.308594 0.081250 0.114062
5 0.517969 0.302344 0.123438 0.123438
5 0.499219 0.198437 0.117188 0.115625
5 0.398438 0.184375 0.150000 0.140625
5 0.278125 0.145313 0.109375 0.109375
5 0.500000 0.082031 0.143750 0.142187
5 0.592187 0.149219 0.121875 0.123438
5 0.710156 0.196094 0.123438 0.123438
5 0.732031 0.109375 0.139063 0.121875
5 0.882812 0.183594 0.103125 0.126562
5 0.940625 0.092188 0.096875 0.125000
5 0.857812 0.046094 0.103125 0.089063
5 0.246875 0.051562 0.109375 0.090625
