5 0.707812 0.498437 0.125000 0.131250
5 0.825781 0.562500 0.120313 0.125000
5 0.761719 0.640625 0.098437 0.100000
5 0.875000 0.731250 0.090625 0.090625
5 0.611719 0.683594 0.082812 0.092188
5 0.670312 0.635156 0.093750 0.098437
5 0.614062 0.541406 0.106250 0.132812
5 0.546094 0.739062 0.067187 0.090625
5 0.603125 0.771094 0.084375 0.089063
5 0.680469 0.743750 0.089063 0.081250
5 0.747656 0.873437 0.101562 0.093750
5 0.842969 0.828125 0.092188 0.093750
5 0.670312 0.857812 0.040625 0.043750
5 0.711719 0.810937 0.048438 0.050000
5 0.687500 0.268750 0.096875 0.100000
5 0.538281 0.253906 0.092188 0.085938
5 0.614062 0.180469 0.093750 0.095312
5 0.731250 0.175000 0.112500 0.106250
5 0.842187 0.201563 0.081250 0.078125
5 0.792188 0.104688 0.100000 0.103125
5 0.871094 0.097656 0.085938 0.098437
5 0.186719 0.605469 0.110937 0.104688
5 0.248438 0.546875 0.065625 0.075000
5 0.122656 0.575000 0.101562 0.096875
5 0.084375 0.660156 0.087500 0.082812
5 0.067969 0.539062 0.064062 0.087500
5 0.198437 0.475000 0.068750 0.065625
5 0.817969 0.314844 0.057813 0.051562
5 0.767188 0.330469 0.043750 0.048438
5 0.808594 0.408594 0.051562 0.064062
5 0.863281 0.382812 0.057813 0.065625
