5 0.488281 0.269531 0.079687 0.076563
5 0.593750 0.259375 0.081250 0.078125
5 0.675781 0.263281 0.073438 0.073438
5 0.681250 0.198437 0.065625 0.056250
5 0.591406 0.200781 0.067187 0.048438
5 0.520312 0.204687 0.068750 0.078125
5 0.443750 0.189062 0.078125 0.078125
5 0.500000 0.480469 0.068750 0.048438
5 0.567969 0.413281 0.073438 0.064062
5 0.628906 0.407813 0.054688 0.065625
5 0.685156 0.413281 0.064062 0.057813
5 0.650000 0.492188 0.062500 0.056250
5 0.683594 0.507031 0.079687 0.032813
5 0.815625 0.432031 0.071875 0.057813
5 0.765625 0.503125 0.068750 0.040625
5 0.746094 0.463281 0.070312 0.042188
5 0.490625 0.448437 0.068750 0.037500
5 0.347656 0.471875 0.067187 0.071875
5 0.438281 0.498437 0.070312 0.050000
5 0.275781 0.439844 0.029687 0.067187
5 0.301563 0.461719 0.028125 0.045312
5 0.271875 0.507812 0.056250 0.031250
