5 0.150000 0.394531 0.084375 0.095312
5 0.191406 0.561719 0.073438 0.089063
5 0.833594 0.770312 0.045312 0.062500
5 0.881250 0.784375 0.050000 0.071875
5 0.814844 0.728125 0.039062 0.050000
5 0.871094 0.639844 0.042188 0.060937
5 0.859375 0.716406 0.040625 0.057813
5 0.650781 0.494531 0.029687 0.026562
5 0.844531 0.146875 0.051562 0.059375
5 0.972656 0.071875 0.054688 0.090625
5 0.927344 0.131250 0.054688 0.062500
5 0.973437 0.142187 0.046875 0.056250
5 0.807813 0.484375 0.037500 0.043750
5 0.871094 0.482812 0.042188 0.043750
5 0.656250 0.641406 0.034375 0.032813
5 0.650781 0.829688 0.029687 0.037500
5 0.114062 0.185938 0.050000 0.065625
5 0.245312 0.324219 0.037500 0.035937
5 0.275781 0.504687 0.045312 0.050000
5 0.317969 0.539844 0.035937 0.045312
5 0.699219 0.864062 0.035937 0.034375
5 0.677344 0.885938 0.017188 0.025000
5 0.800781 0.089063 0.042188 0.046875
5 0.810156 0.228125 0.029687 0.028125
5 0.098437 0.789844 0.031250 0.029687
5 0.407031 0.383594 0.020313 0.032813
5 0.246875 0.432031 0.028125 0.032813
5 0.266406 0.432812 0.017188 0.025000
