5 0.600000 0.262500 0.150000 0.159375
5 0.610156 0.414844 0.145313 0.139063
5 0.455469 0.403125 0.151562 0.162500
5 0.588281 0.551562 0.145313 0.137500
5 0.490625 0.620313 0.140625 0.134375
5 0.392188 0.572656 0.112500 0.132812
5 0.075000 0.420312 0.084375 0.106250
5 0.096094 0.510938 0.101562 0.090625
5 0.134375 0.576562 0.090625 0.081250
5 0.205469 0.657031 0.135937 0.139063
5 0.319531 0.739844 0.129688 0.151562
5 0.164062 0.760938 0.128125 0.118750
5 0.166406 0.878906 0.126562 0.142187
5 0.282031 0.899219 0.148438 0.164062
5 0.607812 0.907031 0.081250 0.107813
5 0.695312 0.927344 0.093750 0.092188
5 0.590625 0.778906 0.078125 0.079687
5 0.566406 0.700000 0.067187 0.084375
5 0.933594 0.435937 0.132812 0.112500
5 0.914062 0.328906 0.100000 0.110937
5 0.935937 0.823438 0.046875 0.071875
5 0.884375 0.793750 0.075000 0.078125
5 0.817187 0.756250 0.071875 0.075000
5 0.656250 0.691406 0.071875 0.060937
5 0.603906 0.033594 0.148438 0.064062
5 0.665625 0.782813 0.065625 0.100000
