5 0.446094 0.189844 0.079687 0.073438
5 0.525781 0.203906 0.076563 0.076563
5 0.593750 0.196094 0.059375 0.051562
5 0.682031 0.194531 0.064062 0.057813
5 0.679688 0.259375 0.075000 0.075000
5 0.593750 0.256250 0.084375 0.062500
5 0.491406 0.268750 0.082812 0.075000
5 0.345313 0.474219 0.068750 0.064062
5 0.437500 0.498437 0.078125 0.056250
5 0.566406 0.413281 0.070312 0.057813
5 0.631250 0.408594 0.056250 0.060937
5 0.686719 0.413281 0.060937 0.051562
5 0.810937 0.428125 0.078125 0.062500
5 0.688281 0.506250 0.079687 0.040625
5 0.764062 0.504687 0.075000 0.037500
5 0.688281 0.460156 0.051562 0.048438
5 0.742969 0.464062 0.057813 0.053125
5 0.567187 0.492969 0.071875 0.054688
5 0.486719 0.453125 0.060937 0.040625
5 0.280469 0.440625 0.039062 0.056250
5 0.279687 0.503906 0.068750 0.032813
5 0.427344 0.423438 0.045312 0.037500
