5 0.089063 0.195312 0.137500 0.156250
5 0.233594 0.168750 0.157812 0.140625
5 0.326562 0.275000 0.162500 0.153125
5 0.167187 0.300000 0.162500 0.156250
5 0.260156 0.412500 0.170313 0.159375
5 0.063281 0.443750 0.123438 0.137500
5 0.507812 0.175000 0.200000 0.196875
5 0.656250 0.129688 0.118750 0.140625
5 0.627344 0.339844 0.060937 0.067187
5 0.543750 0.305469 0.062500 0.070312
5 0.571875 0.366406 0.068750 0.060937
5 0.498437 0.347656 0.062500 0.067187
5 0.527344 0.408594 0.076563 0.067187
5 0.618750 0.442188 0.068750 0.071875
5 0.655469 0.496094 0.076563 0.079687
5 0.618750 0.564844 0.075000 0.073438
5 0.582031 0.495312 0.073438 0.081250
5 0.414844 0.567969 0.076563 0.073438
5 0.449219 0.504687 0.076563 0.071875
5 0.487500 0.453906 0.071875 0.073438
5 0.451562 0.392188 0.068750 0.062500
5 0.411719 0.445312 0.076563 0.059375
5 0.371875 0.507031 0.071875 0.067187
