5 0.674219 0.603906 0.289062 0.289062
5 0.882812 0.538281 0.228125 0.282813
5 0.478125 0.429688 0.253125 0.246875
5 0.694531 0.203125 0.298438 0.303125
5 0.917188 0.146875 0.165625 0.271875
5 0.305469 0.258594 0.276562 0.270313
5 0.126562 0.374219 0.243750 0.273438
5 0.482031 0.780469 0.273438 0.260937
5 0.160938 0.920312 0.275000 0.159375
5 0.445312 0.955469 0.262500 0.089063
5 0.851562 0.823438 0.250000 0.240625
5 0.771875 0.960156 0.278125 0.079687
5 0.286719 0.081250 0.260937 0.156250
5 0.517188 0.125781 0.234375 0.248438
5 0.702344 0.418750 0.192188 0.146875
5 0.887500 0.323437 0.196875 0.178125
