5 0.535156 0.177344 0.176563 0.173437
5 0.723437 0.192188 0.209375 0.203125
5 0.809375 0.365625 0.159375 0.162500
5 0.663281 0.382031 0.179688 0.179688
5 0.499219 0.352344 0.167187 0.167187
5 0.353125 0.185938 0.187500 0.187500
5 0.196875 0.196875 0.162500 0.159375
5 0.154688 0.316406 0.165625 0.179688
5 0.319531 0.362500 0.195312 0.187500
5 0.362500 0.521094 0.187500 0.151562
5 0.533594 0.521094 0.192188 0.185938
5 0.803906 0.641406 0.192188 0.195312
5 0.702344 0.523438 0.167187 0.131250
5 0.613281 0.682031 0.189062 0.160938
5 0.802344 0.803125 0.154688 0.156250
5 0.632031 0.803125 0.160938 0.115625
5 0.476562 0.828906 0.143750 0.107813
5 0.416406 0.683594 0.220312 0.201563
5 0.314844 0.829688 0.179688 0.193750
5 0.217969 0.643750 0.176563 0.168750
5 0.158594 0.492969 0.160938 0.164062
5 0.214844 0.792188 0.148438 0.156250
5 0.187500 0.182031 0.146875 0.123438
