5 0.728125 0.235156 0.056250 0.073438
5 0.783594 0.270313 0.042188 0.053125
5 0.793750 0.327344 0.043750 0.042188
5 0.801562 0.394531 0.053125 0.054688
5 0.685937 0.360156 0.050000 0.048438
5 0.742188 0.345313 0.053125 0.053125
5 0.684375 0.290625 0.053125 0.056250
5 0.683594 0.234375 0.035937 0.053125
5 0.692187 0.079687 0.028125 0.050000
5 0.761719 0.108594 0.035937 0.042188
5 0.808594 0.060937 0.045312 0.053125
5 0.788281 0.173437 0.045312 0.050000
5 0.828906 0.153125 0.042188 0.050000
5 0.842969 0.187500 0.042188 0.056250
5 0.933594 0.517188 0.023438 0.034375
5 0.918750 0.558594 0.025000 0.039062
5 0.810937 0.507031 0.059375 0.064062
5 0.750781 0.416406 0.048438 0.039062
5 0.699219 0.460156 0.048438 0.060937
5 0.750000 0.479687 0.065625 0.050000
5 0.701562 0.545312 0.040625 0.065625
5 0.749219 0.558594 0.054688 0.054688
5 0.767188 0.623437 0.034375 0.068750
5 0.806250 0.612500 0.056250 0.078125
5 0.163281 0.190625 0.026562 0.021875
5 0.162500 0.163281 0.028125 0.026562
5 0.163281 0.136719 0.023438 0.023438
5 0.165625 0.110156 0.021875 0.020313
5 0.171875 0.074219 0.018750 0.020313
5 0.175000 0.047656 0.021875 0.023438
5 0.209375 0.121875 0.031250 0.031250
5 0.203125 0.151562 0.025000 0.021875
5 0.203125 0.180469 0.028125 0.026562
5 0.271094 0.177344 0.026562 0.023438
5 0.266406 0.212500 0.023438 0.021875
5 0.269531 0.242188 0.029687 0.028125
5 0.271875 0.306250 0.018750 0.031250
5 0.275000 0.279687 0.028125 0.028125
5 0.274219 0.414062 0.026562 0.021875
5 0.269531 0.434375 0.023438 0.021875
5 0.271094 0.464062 0.026562 0.021875
5 0.233594 0.292969 0.026562 0.032813
5 0.226562 0.261719 0.021875 0.023438
5 0.228906 0.234375 0.020313 0.025000
5 0.234375 0.322656 0.028125 0.023438
5 0.238281 0.350000 0.020313 0.021875
5 0.235156 0.372656 0.026562 0.023438
5 0.235937 0.405469 0.025000 0.029687
5 0.237500 0.447656 0.025000 0.023438
5 0.198437 0.426563 0.021875 0.025000
5 0.191406 0.450000 0.023438 0.028125
5 0.193750 0.475781 0.021875 0.014063
5 0.191406 0.500781 0.026562 0.017188
