6 0.688281 0.484375 0.304688 0.159375
6 0.484375 0.492969 0.153125 0.220312
6 0.494531 0.341406 0.342187 0.214062
6 0.399219 0.556250 0.192188 0.215625
6 0.184375 0.412500 0.100000 0.278125
6 0.063281 0.448437 0.120313 0.340625
6 0.670312 0.255469 0.346875 0.185938
6 0.468750 0.217188 0.271875 0.287500
6 0.346094 0.228125 0.254688 0.121875
6 0.233594 0.145313 0.173437 0.287500
6 0.450000 0.092969 0.365625 0.089063
6 0.673438 0.078906 0.165625 0.154688
6 0.871875 0.444531 0.218750 0.185938
6 0.904687 0.546875 0.062500 0.237500
6 0.628125 0.636719 0.268750 0.060937
6 0.132031 0.582031 0.095312 0.170313
6 0.914062 0.115625 0.143750 0.218750
6 0.938281 0.250000 0.104688 0.156250
6 0.082812 0.100781 0.156250 0.182812
6 0.124219 0.246875 0.110937 0.234375
6 0.080469 0.210156 0.157812 0.210938
6 0.811719 0.298438 0.170313 0.221875
6 0.796875 0.546875 0.053125 0.084375
6 0.809375 0.612500 0.075000 0.106250
