10 0.329688 0.275000 0.118750 0.115625
10 0.443750 0.293750 0.115625 0.131250
10 0.534375 0.299219 0.087500 0.129688
10 0.610938 0.327344 0.131250 0.129688
10 0.645312 0.426563 0.131250 0.090625
10 0.616406 0.521094 0.148438 0.132812
10 0.646875 0.629687 0.128125 0.125000
10 0.470313 0.402344 0.118750 0.117188
10 0.400781 0.528125 0.167187 0.128125
10 0.489844 0.626563 0.154688 0.137500
10 0.528125 0.746094 0.121875 0.142187
10 0.345313 0.693750 0.153125 0.146875
10 0.413281 0.761719 0.120313 0.142187
10 0.243750 0.606250 0.128125 0.134375
10 0.226562 0.727344 0.128125 0.132812
10 0.099219 0.647656 0.157812 0.129688
10 0.090625 0.546875 0.121875 0.090625
10 0.203906 0.503906 0.126562 0.139063
10 0.132812 0.417969 0.131250 0.123438
10 0.231250 0.340625 0.125000 0.118750
10 0.303906 0.416406 0.117188 0.117188
10 0.397656 0.387500 0.107813 0.103125
