10 0.396875 0.510938 0.131250 0.118750
10 0.508594 0.481250 0.142187 0.109375
10 0.742969 0.482031 0.120313 0.117188
10 0.795312 0.325000 0.137500 0.121875
10 0.675781 0.355469 0.123438 0.123438
10 0.505469 0.365625 0.101562 0.134375
10 0.605469 0.286719 0.129688 0.126562
10 0.491406 0.263281 0.110937 0.120313
10 0.382812 0.275000 0.109375 0.100000
10 0.338281 0.357031 0.145313 0.117188
10 0.276562 0.422656 0.125000 0.135937
10 0.204687 0.335938 0.131250 0.115625
10 0.263281 0.203125 0.129688 0.115625
10 0.375781 0.191406 0.117188 0.123438
10 0.445312 0.092188 0.103125 0.103125
10 0.335156 0.096094 0.110937 0.104688
10 0.057031 0.253906 0.110937 0.120313
10 0.543750 0.075000 0.125000 0.109375
10 0.656250 0.062500 0.103125 0.100000
10 0.603906 0.157031 0.098437 0.107813
10 0.699219 0.146875 0.089063 0.118750
10 0.776563 0.178125 0.112500 0.106250
10 0.828906 0.088281 0.101562 0.129688
10 0.904687 0.168750 0.112500 0.096875
10 0.207813 0.054688 0.128125 0.100000
