10 0.814844 0.165625 0.223438 0.262500
10 0.919531 0.417187 0.160938 0.193750
10 0.792188 0.715625 0.200000 0.225000
10 0.753125 0.513281 0.231250 0.207813
10 0.601562 0.226562 0.256250 0.218750
10 0.771875 0.333594 0.221875 0.198437
10 0.385937 0.250781 0.212500 0.248438
10 0.469531 0.496875 0.239063 0.278125
10 0.586719 0.643750 0.239063 0.221875
10 0.475000 0.870313 0.240625 0.218750
10 0.247656 0.882031 0.220312 0.210938
10 0.224219 0.560156 0.229687 0.270313
10 0.382031 0.683594 0.223438 0.251563
10 0.149219 0.706250 0.248438 0.196875
10 0.142969 0.430469 0.220312 0.207813
