10 0.773438 0.346094 0.140625 0.117188
10 0.889062 0.545312 0.146875 0.134375
10 0.707812 0.441406 0.118750 0.120313
10 0.595313 0.308594 0.128125 0.120313
10 0.595313 0.425000 0.131250 0.131250
10 0.788281 0.253125 0.114062 0.125000
10 0.848437 0.173437 0.131250 0.128125
10 0.660937 0.150000 0.100000 0.115625
10 0.760938 0.136719 0.106250 0.123438
10 0.369531 0.491406 0.135937 0.120313
10 0.222656 0.564844 0.129688 0.126562
10 0.246094 0.477344 0.148438 0.117188
10 0.113281 0.466406 0.117188 0.126562
10 0.199219 0.353125 0.126562 0.140625
10 0.315625 0.378906 0.115625 0.126562
10 0.426563 0.385156 0.112500 0.135937
10 0.307812 0.259375 0.131250 0.121875
10 0.184375 0.250000 0.140625 0.106250
10 0.228125 0.099219 0.112500 0.107813
10 0.339844 0.116406 0.135937 0.104688
10 0.428906 0.076563 0.129688 0.106250
10 0.117188 0.075000 0.112500 0.100000
