10 0.622656 0.867188 0.189062 0.165625
10 0.644531 0.710156 0.173437 0.167187
10 0.747656 0.768750 0.148438 0.150000
10 0.881250 0.646094 0.156250 0.160938
10 0.928906 0.506250 0.142187 0.153125
10 0.603906 0.524219 0.170313 0.154688
10 0.469531 0.731250 0.189062 0.159375
10 0.452344 0.846875 0.167187 0.137500
10 0.310156 0.806250 0.164062 0.171875
10 0.157031 0.761719 0.157812 0.176563
10 0.075781 0.625000 0.148438 0.162500
10 0.304688 0.477344 0.184375 0.185938
10 0.344531 0.667188 0.167187 0.150000
10 0.229687 0.578906 0.175000 0.145313
10 0.063281 0.475000 0.123438 0.175000
10 0.174219 0.442969 0.142187 0.142187
10 0.175000 0.300000 0.162500 0.146875
10 0.380469 0.359375 0.176563 0.143750
10 0.360156 0.203906 0.151562 0.170313
10 0.259375 0.220312 0.134375 0.159375
10 0.260937 0.112500 0.156250 0.109375
10 0.446094 0.105469 0.170313 0.139063
10 0.555469 0.107031 0.139063 0.129688
10 0.510938 0.256250 0.159375 0.178125
10 0.597656 0.369531 0.189062 0.148438
10 0.444531 0.563281 0.148438 0.154688
10 0.739844 0.572656 0.167187 0.151562
10 0.720313 0.446094 0.159375 0.129688
10 0.671875 0.240625 0.181250 0.156250
10 0.739844 0.322656 0.139063 0.154688
10 0.840625 0.417187 0.143750 0.143750
10 0.810937 0.283594 0.112500 0.135937
10 0.720313 0.160156 0.118750 0.135937
