10 0.329688 0.450781 0.156250 0.154688
10 0.444531 0.533594 0.139063 0.132812
10 0.539844 0.444531 0.160938 0.142187
10 0.662500 0.350781 0.137500 0.135937
10 0.537500 0.310156 0.125000 0.148438
10 0.805469 0.386719 0.157812 0.145313
10 0.894531 0.271094 0.160938 0.164062
10 0.750000 0.253125 0.181250 0.125000
10 0.780469 0.146875 0.157812 0.137500
10 0.616406 0.173437 0.160938 0.128125
10 0.310156 0.248438 0.139063 0.150000
10 0.223438 0.332813 0.143750 0.171875
10 0.167969 0.174219 0.154688 0.129688
10 0.281250 0.114844 0.128125 0.148438
10 0.408594 0.106250 0.129688 0.131250
10 0.543750 0.077344 0.137500 0.145313
