10 0.767969 0.776563 0.114062 0.153125
10 0.884375 0.773438 0.128125 0.103125
10 0.832031 0.872656 0.129688 0.123438
10 0.779687 0.442188 0.090625 0.084375
10 0.879687 0.428906 0.093750 0.073438
10 0.950781 0.396875 0.076563 0.081250
10 0.866406 0.362500 0.089063 0.071875
10 0.761719 0.364063 0.089063 0.075000
10 0.799219 0.302344 0.082812 0.070312
10 0.867969 0.292969 0.070312 0.079687
10 0.935937 0.303906 0.068750 0.070312
10 0.967187 0.216406 0.065625 0.079687
10 0.905469 0.171094 0.085938 0.079687
10 0.903906 0.241406 0.082812 0.073438
10 0.965625 0.145313 0.068750 0.081250
10 0.875000 0.060156 0.068750 0.092188
10 0.907813 0.114062 0.078125 0.065625
10 0.821094 0.232813 0.082812 0.071875
10 0.829688 0.167187 0.068750 0.068750
10 0.750781 0.250781 0.079687 0.067187
10 0.707812 0.299219 0.068750 0.079687
10 0.695312 0.227344 0.046875 0.070312
10 0.697656 0.151562 0.054688 0.071875
10 0.805469 0.112500 0.076563 0.078125
10 0.769531 0.172656 0.070312 0.064062
10 0.768750 0.074219 0.075000 0.067187
10 0.710938 0.083594 0.065625 0.073438
10 0.592969 0.800000 0.067187 0.078125
10 0.535156 0.800781 0.067187 0.076563
10 0.596094 0.957812 0.082812 0.062500
10 0.579688 0.890625 0.071875 0.075000
10 0.523438 0.956250 0.075000 0.062500
10 0.510938 0.891406 0.071875 0.070312
10 0.444531 0.891406 0.064062 0.076563
10 0.448437 0.962500 0.071875 0.065625
10 0.379688 0.892188 0.078125 0.075000
10 0.375781 0.957031 0.073438 0.067187
10 0.302344 0.957031 0.073438 0.067187
10 0.310156 0.889062 0.067187 0.071875
10 0.149219 0.950000 0.082812 0.068750
10 0.162500 0.882031 0.075000 0.070312
10 0.094531 0.878125 0.067187 0.065625
10 0.031250 0.876563 0.056250 0.075000
10 0.078906 0.947656 0.073438 0.073438
10 0.469531 0.802344 0.070312 0.073438
10 0.402344 0.802344 0.070312 0.073438
10 0.338281 0.800000 0.067187 0.071875
10 0.585156 0.739062 0.070312 0.068750
10 0.524219 0.741406 0.070312 0.067187
10 0.459375 0.739062 0.065625 0.068750
10 0.401562 0.736719 0.068750 0.073438
10 0.343750 0.736719 0.075000 0.070312
10 0.342969 0.683594 0.067187 0.064062
10 0.396875 0.675000 0.062500 0.059375
10 0.453906 0.679688 0.064062 0.059375
10 0.518750 0.686719 0.065625 0.067187
10 0.574219 0.675000 0.067187 0.062500
10 0.560156 0.630469 0.064062 0.057813
10 0.501563 0.627344 0.056250 0.051562
10 0.546094 0.582812 0.057813 0.053125
10 0.539062 0.539844 0.053125 0.051562
10 0.496875 0.583594 0.062500 0.060937
10 0.450000 0.628906 0.062500 0.054688
10 0.396094 0.629687 0.064062 0.056250
10 0.336719 0.628125 0.057813 0.053125
10 0.339062 0.582812 0.053125 0.050000
10 0.392188 0.583594 0.065625 0.048438
10 0.444531 0.586719 0.067187 0.057813
10 0.482031 0.540625 0.048438 0.053125
10 0.435937 0.541406 0.053125 0.051562
10 0.387500 0.542969 0.053125 0.048438
10 0.336719 0.539062 0.054688 0.046875
10 0.196875 0.785937 0.071875 0.075000
10 0.138281 0.789062 0.064062 0.071875
10 0.077344 0.788281 0.064062 0.064062
10 0.027344 0.787500 0.051562 0.071875
10 0.203125 0.725781 0.059375 0.057813
10 0.146094 0.724219 0.064062 0.060937
10 0.089844 0.732812 0.064062 0.065625
10 0.032031 0.729688 0.060937 0.059375
10 0.208594 0.671875 0.060937 0.056250
10 0.153906 0.675000 0.060937 0.059375
10 0.096094 0.672656 0.057813 0.054688
10 0.046875 0.676562 0.062500 0.056250
10 0.214062 0.622656 0.056250 0.051562
10 0.160156 0.624219 0.057813 0.051562
10 0.107813 0.627344 0.056250 0.051562
10 0.058594 0.626563 0.054688 0.050000
10 0.069531 0.586719 0.060937 0.045312
10 0.117969 0.583594 0.051562 0.048438
10 0.167969 0.585156 0.051562 0.048438
10 0.220312 0.582031 0.059375 0.048438
10 0.223438 0.544531 0.056250 0.048438
10 0.175000 0.544531 0.046875 0.048438
10 0.127344 0.543750 0.054688 0.046875
10 0.078125 0.548438 0.053125 0.050000
10 0.034375 0.550000 0.062500 0.046875
10 0.226562 0.497656 0.053125 0.045312
10 0.178906 0.499219 0.045312 0.045312
10 0.132031 0.501563 0.045312 0.050000
10 0.089063 0.502344 0.043750 0.045312
10 0.040625 0.502344 0.046875 0.051562
