10 0.747656 0.603906 0.179688 0.139063
10 0.565625 0.607812 0.184375 0.131250
10 0.309375 0.543750 0.171875 0.134375
10 0.256250 0.633594 0.206250 0.092188
10 0.085156 0.626563 0.164062 0.090625
10 0.067969 0.552344 0.132812 0.089063
10 0.121094 0.485938 0.139063 0.150000
10 0.169531 0.423438 0.132812 0.115625
10 0.296875 0.406250 0.115625 0.121875
10 0.381250 0.363281 0.103125 0.107813
10 0.330469 0.321094 0.117188 0.067187
10 0.430469 0.435156 0.126562 0.117188
10 0.495312 0.528906 0.146875 0.151562
10 0.595313 0.457813 0.171875 0.125000
10 0.644531 0.540625 0.142187 0.128125
10 0.760156 0.503906 0.173437 0.148438
10 0.909375 0.585938 0.181250 0.137500
10 0.905469 0.477344 0.160938 0.117188
10 0.932031 0.405469 0.132812 0.092188
10 0.804688 0.431250 0.128125 0.084375
10 0.709375 0.405469 0.106250 0.092188
10 0.599219 0.382031 0.117188 0.070312
10 0.503906 0.392188 0.104688 0.103125
10 0.659375 0.258594 0.100000 0.089063
10 0.769531 0.350781 0.104688 0.082812
10 0.842187 0.315625 0.106250 0.075000
10 0.491406 0.300781 0.120313 0.067187
10 0.571094 0.331250 0.095312 0.068750
