10 0.617969 0.153125 0.132812 0.171875
10 0.780469 0.202344 0.157812 0.129688
10 0.928906 0.214844 0.139063 0.126562
10 0.825781 0.350781 0.151562 0.176563
10 0.878906 0.610156 0.148438 0.182812
10 0.678906 0.368750 0.139063 0.153125
10 0.525781 0.392188 0.164062 0.143750
10 0.494531 0.267969 0.173437 0.148438
10 0.295312 0.216406 0.140625 0.164062
10 0.402344 0.123438 0.135937 0.175000
10 0.150000 0.253125 0.146875 0.184375
10 0.057813 0.392969 0.112500 0.167187
10 0.060937 0.599219 0.118750 0.151562
10 0.104688 0.073438 0.159375 0.143750
10 0.256250 0.070312 0.162500 0.137500
10 0.764062 0.076563 0.150000 0.140625
10 0.350000 0.370312 0.153125 0.125000
10 0.245312 0.669531 0.146875 0.092188
10 0.436719 0.630469 0.132812 0.129688
10 0.707812 0.524219 0.162500 0.148438
