10 0.060937 0.153906 0.115625 0.148438
10 0.181250 0.183594 0.162500 0.151562
10 0.175000 0.328906 0.193750 0.167187
10 0.321875 0.267188 0.137500 0.184375
10 0.402344 0.114062 0.129688 0.143750
10 0.514062 0.163281 0.121875 0.145313
10 0.624219 0.121094 0.148438 0.092188
10 0.846875 0.190625 0.168750 0.128125
10 0.722656 0.250000 0.179688 0.115625
10 0.636719 0.186719 0.142187 0.095312
10 0.460156 0.296094 0.154688 0.139063
10 0.596094 0.386719 0.160938 0.179688
10 0.738281 0.353125 0.170313 0.181250
10 0.892188 0.332031 0.178125 0.176563
10 0.264844 0.457031 0.173437 0.173437
