10 0.114844 0.293750 0.189062 0.193750
10 0.307031 0.293750 0.182812 0.181250
10 0.503906 0.285938 0.182812 0.178125
10 0.702344 0.292969 0.182812 0.179688
10 0.891406 0.287500 0.176563 0.181250
10 0.893750 0.478125 0.181250 0.187500
10 0.701562 0.478125 0.187500 0.184375
10 0.505469 0.483594 0.195312 0.195312
10 0.309375 0.478125 0.196875 0.190625
10 0.112500 0.488281 0.187500 0.189062
10 0.113281 0.682813 0.189062 0.190625
10 0.309375 0.678906 0.190625 0.192188
10 0.504687 0.676562 0.184375 0.187500
10 0.694531 0.675000 0.192188 0.196875
10 0.894531 0.679688 0.189062 0.193750
10 0.508594 0.833594 0.185938 0.114062
10 0.313281 0.829688 0.189062 0.118750
10 0.121875 0.832031 0.184375 0.110937
