7 0.548438 0.346094 0.103125 0.220312
7 0.584375 0.324219 0.081250 0.179688
7 0.669531 0.276562 0.092188 0.181250
7 0.762500 0.286719 0.125000 0.201563
7 0.845313 0.323437 0.225000 0.156250
7 0.871094 0.362500 0.257812 0.203125
7 0.845313 0.483594 0.309375 0.164062
7 0.571875 0.487500 0.118750 0.075000
7 0.096094 0.323437 0.154688 0.253125
7 0.179688 0.315625 0.150000 0.240625
7 0.243750 0.286719 0.159375 0.295312
7 0.314063 0.299219 0.190625 0.304688
7 0.352344 0.332031 0.248438 0.304688
7 0.342187 0.485938 0.312500 0.218750
