7 0.542969 0.330469 0.201563 0.089063
7 0.539844 0.283594 0.217188 0.092188
7 0.550000 0.242188 0.196875 0.112500
7 0.571094 0.210938 0.142187 0.109375
7 0.630469 0.237500 0.126562 0.184375
7 0.563281 0.404687 0.182812 0.056250
7 0.559375 0.460938 0.190625 0.062500
7 0.432031 0.361719 0.126562 0.057813
7 0.421094 0.417969 0.092188 0.073438
7 0.401562 0.317188 0.103125 0.062500
7 0.898438 0.296875 0.193750 0.090625
7 0.742969 0.459375 0.179688 0.084375
7 0.847656 0.413281 0.176563 0.060937
7 0.946094 0.077344 0.101562 0.064062
7 0.714063 0.403125 0.106250 0.056250
7 0.689844 0.360938 0.095312 0.046875
7 0.737500 0.182031 0.112500 0.082812
7 0.690625 0.092969 0.162500 0.067187
7 0.630469 0.130469 0.151562 0.048438
7 0.936719 0.424219 0.126562 0.114062
7 0.891406 0.235937 0.217188 0.062500
7 0.892969 0.167187 0.214062 0.096875
7 0.190625 0.208594 0.190625 0.104688
7 0.167969 0.245312 0.198437 0.053125
7 0.167187 0.289844 0.215625 0.054688
7 0.167969 0.339062 0.226562 0.065625
7 0.197656 0.389062 0.198437 0.100000
7 0.119531 0.100000 0.157812 0.087500
7 0.030469 0.434375 0.057813 0.178125
7 0.043750 0.423438 0.084375 0.190625
7 0.057813 0.421094 0.103125 0.198437
7 0.309375 0.479687 0.150000 0.084375
7 0.378906 0.475000 0.107813 0.084375
7 0.269531 0.171094 0.117188 0.157812
7 0.228906 0.186719 0.145313 0.139063
7 0.324219 0.158594 0.107813 0.179688
7 0.382812 0.151562 0.081250 0.165625
7 0.472656 0.125000 0.135937 0.081250
7 0.476562 0.050000 0.137500 0.075000
7 0.700781 0.038281 0.148438 0.073438
7 0.133594 0.067969 0.154688 0.079687
7 0.256250 0.044531 0.153125 0.085938
